(4,[0.2779312006424093,1.6746980882897704,-0.4487130764498548])
(2,[4.711322076998096,5.061851921072651,4.260093840353191])
(4,[1.1755489960334415,2.6634872591753176,-0.35628329581608154])
(0,[5.129807185118848,4.19890333072345,6.736499396634223])
(1,[1.717603928043988,-0.23690792470908195,0.7268835851481259])
(0,[3.9198002020961975,4.709082983866337,5.445719808229281])
(4,[0.282866153785556,2.28674212047849,1.2197066192207788])
(2,[5.582131038281933,4.8705542537825615,3.1031263461980854])
(1,[0.4012372752735268,1.2467467086736537,0.7202787828420836])
(0,[4.27067430599785,4.204495139964623,5.493902538322289])
(4,[0.004358960112425203,2.4750446960237427,0.39667879584014376])
(2,[4.464200164345558,3.9900194539555027,3.389361351823804])
(4,[4.5238391025651215,3.685882733759974,-0.3397064729116692])
(2,[5.210085994268465,4.340721154204509,4.6666992011904895])
(4,[2.4836791612401568,0.8537287880777521,1.0266931913993746])
(2,[5.667293545297001,4.907661432630098,3.572767371793988])
(4,[1.2574349859564335,1.8094242782639391,1.8765782591715814])
(3,[5.1845855394655995,6.3382749998792685,5.345953151159673])
(4,[1.513228096128195,1.738035963063822,1.9574889150579795])
(0,[3.813663954520506,5.071719356921766,5.5976948984948205])
(4,[1.2818260025590331,1.8872611121847467,0.45794645981850945])
(0,[4.3931028715214655,4.56998128376491,6.517178422504982])
(4,[2.452097316765144,1.6172824814801645,1.5148444328658646])
(0,[2.6325107528538094,5.213924512243141,5.865673052858576])
(4,[2.6366304761676815,0.37503647130020445,1.156081620481])
(3,[5.8968686403149455,6.569262412518032,5.329810306071788])
(1,[0.8502398822775634,0.9479940234159556,0.4818696716914911])
(3,[5.032417220120369,6.317642756087179,6.566971175469897])
(4,[0.779228884889323,2.9978884968243884,-1.0869665369028456])
(3,[6.166783619836556,5.444187795820116,5.72895342569086])
(4,[1.4200928168963052,2.6195282828039037,0.705933761858031])
(3,[6.853452813456315,4.2637611571559795,5.725823521079127])
(1,[-0.2112970811047128,0.9860005297367488,0.3131607148225125])
(0,[4.962452327155418,4.0604340453784245,5.8637978337838135])
(1,[0.0058077409103186595,0.7123798961805474,-0.7235039600441915])
(2,[5.1650880960774765,3.841593294336918,3.798501531813272])
(1,[1.5454113662168913,0.08439199482612791,1.9262817688198308])
(3,[6.219405420324765,5.619365257672646,5.554274091112406])
(1,[2.6680831194316283,-1.908411032267031,1.9531055132747364])
(0,[4.5139114457153,5.097405882214105,5.557232919776074])
(4,[0.17172949059310294,3.093549381577763,-0.9813522829978247])
(2,[5.673686493129797,5.1390387155652535,4.181838770147713])
(4,[2.530106840521013,1.3075268251660006,0.21318049480455703])
(3,[5.910817528769718,5.5717041045789175,5.1638822129213])
(4,[1.891748198907299,2.367802287824209,-1.0974874658491478])
(2,[4.717590912475115,6.029910658421766,4.063903513367718])
(1,[1.4122075672168621,-1.6106334198315153,1.4305591678784455])
(3,[5.1854266243218605,5.511894757807419,6.144340497375109])
(1,[1.1926748630019286,0.11841771398743317,1.581084777582519])
(2,[6.14199333362609,5.1023993017149945,3.342890331310896])
(4,[2.930664759195152,1.1270780511116214,-0.289202942981162])
(2,[4.114994702875534,5.710869706620944,4.405763176926923])
(1,[1.4317881506737529,0.7041097605398108,2.4661967359439396])
(3,[5.6589865073862935,4.6313940789234795,5.5406355271462555])
(1,[0.5239621029877808,1.0491516418778835,0.22458566940230829])
(3,[5.696894315623513,4.964637406253045,4.939065227276115])
(1,[1.4634599733781017,-0.08306198923540076,0.8681623158326042])
(3,[5.488537407482443,4.489456561143871,5.472330145236894])
(4,[0.3523686665980216,2.6172322237413503,3.633296328493261])
(0,[4.286911583239003,4.6595410267293085,5.477839153497747])
(1,[1.6150959785560688,0.24430200390522183,0.5228248778385223])
(0,[4.216923213767141,6.675291859243035,5.923355572866312])
(1,[-0.7094208710631911,0.7941743824385387,0.5991697282235826])
(3,[6.54278387130595,6.80520166177465,5.17389035448646])
(4,[1.8276188624218772,1.8517473510833655,1.4105355605214172])
(0,[4.252001419545779,4.923916512842489,4.857918190407027])
(1,[1.342377678925307,0.7093000290932079,1.6465914961635884])
(3,[6.1664277457497745,4.782836113479971,4.497978653269735])
(1,[0.8580525344001838,0.736425896342119,1.1761433274431066])
(2,[5.918017973739246,5.38406505307353,3.5955337852514138])
(4,[0.9060104855731899,1.3855694877664715,0.9856039392234974])
(2,[4.545342276385571,5.194580310282025,4.879607607335291])
(1,[1.1412229564197163,0.9001716718528127,0.7730271065331275])
(0,[2.8537663445967167,5.51897658207834,7.43460664626055])
(4,[0.8578766094491689,1.5596223004217986,1.7402864159023919])
(2,[4.450497805237372,3.945406469760154,2.9382462500523734])
(1,[-0.16550939833926814,1.9599422547156693,1.516366160153213])
(2,[5.098104524022133,5.696352015778147,4.620535464599252])
(1,[0.08070980938136574,0.8622555792007621,2.0185492541863828])
(3,[6.2631111601064156,5.841805872112764,4.734894478645394])
(4,[0.2650108906151307,2.0474180616229622,1.3665456682073982])
(2,[5.258796347429583,5.465900943390861,3.8592425080460346])
(4,[1.2277861003029036,2.3047198591725158,0.7888434219275166])
(0,[4.649929262481281,3.840277919411296,4.5437349531819])
(1,[0.654089926346806,0.5053833542242607,0.41818174539179753])
(2,[4.43448065351042,6.361147968335401,4.686807588325719])
(1,[0.8690202811739782,0.17095776128440887,1.4821033145089038])
(0,[4.555056370119995,3.653875116938287,6.533429564948591])
(1,[1.123622399356309,1.0115710114483785,0.2947602772306308])
(0,[4.19347382096396,4.412483168921888,5.198699398790434])
(1,[-0.37714557937452553,0.3223707086187916,-0.2559879972235528])
(0,[3.6727406317043227,4.535469583920933,5.848533663980718])
(1,[-1.0870914795153426,0.8523958440258705,-0.6454436725079562])
(2,[4.325699648931196,6.489037465433176,5.312790465515917])
(4,[1.8779687929127775,1.4730578096152587,1.5492661435085988])
(3,[5.681095964305364,5.2728128067348115,6.794957728171447])
(1,[-1.4148974812728965,1.9079787505938075,1.0904986712953622])
(0,[3.2624050760250416,3.562389184655477,5.816422042779966])
(4,[0.9024789380314131,3.3510841028532163,2.263684919566985])
(3,[5.124896618922615,5.934712764331094,5.793523825160756])
(4,[3.1312258768074726,2.090286021778172,2.0107748047646727])
(2,[5.046453259054665,4.045992086896231,4.379830261456287])
(4,[2.653540149300736,1.172076774017428,1.2584646926266072])
(2,[4.156336281333029,5.551044872619574,2.1230856574640518])
(4,[0.7726025807295056,2.132033434823389,-0.2779038871522941])
(3,[6.658525031441997,5.010462982059147,6.246713862352692])
(4,[1.7399658748868885,1.4333211950845648,0.24218238522033353])
(0,[3.5253156902555167,4.911645875128297,5.336215856989221])
(4,[2.266845539593331,0.9681540725326209,-0.3517465878046724])
(0,[2.0200247419876325,3.3236068168822213,7.451008459971199])
(1,[0.46763846976670576,1.2631761536495283,1.247109807987713])
(2,[4.764895820504473,5.666332126189298,3.79048238168323])
(1,[-0.2952268429813214,1.1640099862634783,0.25444839890529714])
(2,[3.059080249412631,5.643021815012395,3.5620696593315255])
(4,[1.4753990128993761,1.9644746027203879,1.1868477311627637])
(2,[6.4406304915632875,3.917759422440534,3.8396499431702753])
(1,[1.4719851467975547,-0.13526259222637083,0.7128155240644751])
(2,[6.0769761507178925,6.84263216934966,3.6433404765190374])
(4,[0.7271586222813899,1.9753663580883063,0.5991263263803743])
(2,[5.167746427447566,4.56749700559584,4.26749271772981])
(4,[1.4071411102232954,1.6071626478638084,0.6006963332937227])
(0,[4.983209472707592,4.350438993291399,4.818149111733837])
(1,[-1.2754253605572234,0.9501376438171002,1.6635890132998312])
(2,[5.880407822490738,6.092088938484247,4.1787475513878])
(1,[0.6648376059520849,-0.09559666818091683,1.2178962287327435])
(2,[5.544499457866765,4.819880007277354,4.55380892384107])
(4,[1.7192948208396612,0.8429208392242269,1.199668002678968])
(0,[6.089297735981232,3.0920543871170336,6.490996935610591])
(4,[2.035963473510217,0.9455894220589087,1.519155885859419])
(3,[5.965478628754907,5.246015349787541,5.814853901432182])
(1,[0.07479395081628148,0.9265055735590367,0.34046268666188007])
(2,[4.3783226134103375,7.442450284564513,4.831929865389944])
(1,[0.5953888720788268,0.6355508527417605,1.652653259570806])
(2,[4.849856414518774,6.762889832285774,4.468428970008555])
(1,[0.06107977370266304,0.1707226315622996,0.9410507458436058])
(0,[3.372884060083055,6.747184559592322,5.602737823563701])
(4,[3.4396969826612733,1.3694929857460527,0.34977016180885345])
(3,[5.487865526743356,4.730853101845479,6.464062794282489])
(4,[1.6681884830096456,1.394173744293283,1.3112175409811029])
(0,[5.065958815802385,4.184897170775252,5.225146812559304])
(1,[1.9608448778294596,0.19517886386487648,-0.5244574501672781])
(0,[4.250960708873901,3.8904644811673323,5.646460477550827])
(4,[1.4802929947744619,1.7774445956308687,1.1229368977879155])
(3,[5.686823128593715,4.816281636462701,6.368023995471112])
(1,[0.7251399907232159,1.138570599244842,1.7308908202423183])
(0,[4.0127055678290535,5.047342104976049,5.556598936436368])
(1,[1.6523846877437423,0.5957829851915484,1.9261656516860328])
(3,[5.662238933974436,5.558210709410597,5.496176125809443])
(1,[1.2583534197517556,-0.1496224183975996,0.181287025455805])
(3,[6.712776208328991,5.120713334785208,4.9141822122808305])
(1,[0.39821183705271335,-0.644223287236529,0.6089096845589457])
(2,[3.8266722422224566,5.863080749171117,3.94018788994683])
(1,[-1.600870509341926,-0.6375795744594248,0.42183192681265813])
(0,[4.524005612670319,4.426894259047525,7.065492048309409])
(1,[-0.6339710099220619,0.34085405186084783,-1.9026615296998401])
(0,[4.149530439113123,4.493475947465529,6.419252627963469])
(1,[0.5212898886829629,1.4303994428059275,1.6200652195015692])
(0,[4.4789922194475595,3.5171951620287327,4.203761006876377])
(1,[0.6959531858170335,-0.2347935516548798,1.473571981353042])
(2,[3.5504956514136117,5.682764346201447,4.102833862342468])
(4,[1.733569095090419,0.9663694127576581,-0.09752219920951011])
(0,[4.6513783430717375,4.786040633085999,6.47714857975682])
(1,[0.9498753936236405,-1.1073285239277473,-0.06472872838884491])
(3,[5.555137094096915,4.5938650310250075,4.9359278706869265])
(4,[1.076008606553739,2.4112505427448623,2.16604166050451])
(2,[5.778593984287023,5.082178265651842,2.954677207777281])
(4,[0.6082812669848608,1.8521772380652664,0.32024179776173245])
(2,[6.048442483147108,5.150867128318458,3.35173163539268])
(1,[0.5572155125313305,1.077968658933321,2.320181218643749])
(0,[4.905811241567862,4.5178840761992145,6.6606237389789555])
(1,[-0.47380255038277785,0.8440924021638083,1.9008405335922363])
(2,[4.819152568443186,5.406924103458569,3.720155138259786])
(1,[-1.531294819978911,0.358991302790974,2.767156829629765])
(2,[4.682636700768733,6.987652703803977,4.2429014981218645])
(1,[2.0190105779855845,-0.10968095372011644,-0.5570465524968071])
(0,[4.450460307456124,5.928242906506355,6.006290555158044])
(4,[1.0362695155307504,1.7655663456216195,0.5322718572118237])
(3,[6.301966048603731,5.6617035229274295,5.636658401332688])
(1,[-0.36085102822964155,1.7734892105808355,3.056559741760361])
(3,[6.781458390094352,6.159293533528383,5.039812351171483])
(4,[1.5050532720330372,3.848347338962694,0.1267119546214649])
(0,[4.663707362783141,4.278065948310761,5.3853954526917684])
(4,[2.011092956429539,1.9757340899520017,0.26040406161440455])
(0,[4.3489534609020595,4.45130633323634,5.8720700843918925])
(4,[0.6688089274818394,1.6480995716318625,0.7589406311916744])
(2,[5.18667355001214,5.080055257806723,4.763034053787515])
(4,[3.045161819931996,1.550813052450093,1.5318217618518606])
(0,[4.531519509635445,4.637629247490297,4.971806626352912])
(4,[2.646264399610967,1.1758486285928953,0.6443406325757312])
(2,[4.7796731589057915,5.456076167473347,4.28334209210203])
(4,[1.7180083317011912,1.0090457843974114,1.8326752764758236])
(2,[3.833870293884809,6.4847474542197165,2.370600676753751])
(1,[2.0882696186686767,-0.08910328962160197,0.5672376259276252])
(3,[6.349427385325274,5.5199110413707295,5.585625938696076])
(1,[1.3896621318016567,0.6630460063070157,1.9694162248837779])
(0,[4.195810134428631,4.398744934652315,4.551950875782047])
(4,[2.233282515381995,0.840816763092739,0.0043849947957161906])
(2,[5.632038689192605,5.826653982119502,4.594390792065757])
(1,[0.3224554671724601,1.4740400265999483,0.5052125139891913])
(2,[4.861026498625689,5.791492626329742,4.105740399232048])
